0 2 3 4 5 6 7 8 9 10 11 12 13 14 15 16 17 18 19 20 21 22 23 24 25 26 
1 0 3 4 5 6 7 8 9 10 11 12 13 14 15 16 17 18 19 20 21 22 23 24 25 26 
1 2 0 4 5 6 7 8 9 10 11 12 13 14 15 16 17 18 19 20 21 22 23 24 25 26 
1 2 3 0 5 6 7 8 9 10 11 12 13 14 15 16 17 18 19 20 21 22 23 24 25 26 
1 2 3 4 0 6 7 8 9 10 11 12 13 14 15 16 17 18 19 20 21 22 23 24 25 26 
1 2 3 4 5 0 7 8 9 10 11 12 13 14 15 16 17 18 19 20 21 22 23 24 25 26 
1 2 3 4 5 6 0 8 9 10 11 12 13 14 15 16 17 18 19 20 21 22 23 24 25 26 
1 2 3 4 5 6 7 0 9 10 11 12 13 14 15 16 17 18 19 20 21 22 23 24 25 26 
1 2 3 4 5 6 7 8 0 10 11 12 13 14 15 16 17 18 19 20 21 22 23 24 25 26 
1 2 3 4 5 6 7 8 9 0 11 12 13 14 15 16 17 18 19 20 21 22 23 24 25 26 
1 2 3 4 5 6 7 8 9 10 0 12 13 14 15 16 17 18 19 20 21 22 23 24 25 26 
1 2 3 4 5 6 7 8 9 10 11 0 13 14 15 16 17 18 19 20 21 22 23 24 25 26 
1 2 3 4 5 6 7 8 9 10 11 12 0 14 15 16 17 18 19 20 21 22 23 24 25 26 
1 2 3 4 5 6 7 8 9 10 11 12 13 0 15 16 17 18 19 20 21 22 23 24 25 26 
1 2 3 4 5 6 7 8 9 10 11 12 13 14 0 16 17 18 19 20 21 22 23 24 25 26 
1 2 3 4 5 6 7 8 9 10 11 12 13 14 15 0 17 18 19 20 21 22 23 24 25 26 
1 2 3 4 5 6 7 8 9 10 11 12 13 14 15 16 0 18 19 20 21 22 23 24 25 26 
1 2 3 4 5 6 7 8 9 10 11 12 13 14 15 16 17 0 19 20 21 22 23 24 25 26 
1 2 3 4 5 6 7 8 9 10 11 12 13 14 15 16 17 18 0 20 21 22 23 24 25 26 
1 2 3 4 5 6 7 8 9 10 11 12 13 14 15 16 17 18 19 0 21 22 23 24 25 26 
1 2 3 4 5 6 7 8 9 10 11 12 13 14 15 16 17 18 19 20 0 22 23 24 25 26 
1 2 3 4 5 6 7 8 9 10 11 12 13 14 15 16 17 18 19 20 21 0 23 24 25 26 
1 2 3 4 5 6 7 8 9 10 11 12 13 14 15 16 17 18 19 20 21 22 0 24 25 26 
1 2 3 4 5 6 7 8 9 10 11 12 13 14 15 16 17 18 19 20 21 22 23 0 25 26 
1 2 3 4 5 6 7 8 9 10 11 12 13 14 15 16 17 18 19 20 21 22 23 24 0 26 
1 2 3 4 5 6 7 8 9 10 11 12 13 14 15 16 17 18 19 20 21 22 23 24 25 0 
